[0 0 0 1 0 0 1 0 1 1] - 145
[1 0 1 0 0 1 1 0 1 0 1 0 1 1 0 0 0 1 0 1] - 987
[0 0 1 1 1 1 1 0 0 1 0 1 0 0 0 0 1 1 1 0 0 1 0 0 0 1 1 0 0 1 0 0 0 1 1 0 1
 0 1 1] - 7031
[1 0 0 0 1 0 0 1 0 0 0 1 0 1 1 0 0 1 0 1 0 1 0 0 0 0 0 0 1 1 1 0 1 1 1 1 0
 1 1 1 1 0 0 0 0 1 0 1 1 1] - 14763
[0 1 0 0 0 0 1 0 0 1 1 0 0 1 0 0 0 1 0 0 0 1 0 0 1 1 1 1 1 1 1 0 1 1 1 1 1
 1 0 0 0 0 0 1 1 0 1 0 1 1 1 0 0 1 1 0 0 0 1 0] - 25884
[1 0 0 0 1 0 1 1 1 1 0 0 1 1 1 0 1 0 0 0 0 0 1 0 0 0 1 1 1 1 1 1 1 0 1 0 1
 0 1 0 0 0 0 1 0 1 1 1 1 0 1 0 1 1 0 0 0 1 0 0 0 1 0 1 1 1 1 0 1 1 1 1 0 1
 0 1 1 0 1 0 1 1 1 0 0 0 1 0 0 0 0 0 0 1 1 0 1 0 0 0] - 113046
[1 1 1 1 1 1 1 1 1 0 1 1 1 1 1 1 1 1 1 1 1 1 1 1 0 0 1 1 1 1 1 1 1 1 1 0 0
 1 1 1 1 1 1 1 1 1 1 1 1 0 1 1 1 0 1 1 1 1 0 0 1 1 1 0 0 1 1 0 1 1 1 1 1 1
 1 0 1 0 0 1 0 1 1 1 0 0 1 0 1 1 1 0 0 1 0 1 0 0 1 0 0 0 0 1 1 0 0 0 1 1 0
 0 0 0 0 0 0 0 0 0 1 0 0 1 0 0 0 0 1 1 0 0 1 1 0 0 0 0 0 0 0 0 0 0 0 1 0 1
 0 0] - 373846
[0 0 0 0 0 0 0 0 0 0 0 0 0 0 0 0 0 0 0 0 0 0 0 0 0 0 0 0 0 0 0 0 0 0 0 0 0
 0 1 0 0 1 0 0 0 0 0 1 0 0 0 0 0 0 0 0 0 0 0 1 0 1 0 0 0 0 0 0 0 1 0 0 0 1
 0 0 1 1 0 0 1 0 0 1 0 1 1 0 0 0 0 1 0 1 1 0 1 1 0 1 1 1 1 0 1 0 1 0 1 0 1
 1 0 0 0 1 1 1 1 0 1 1 0 0 0 1 1 1 0 1 1 0 0 1 1 0 0 1 0 1 1 1 0 0 1 1 1 1
 0 0 0 1 0 0 0 0 1 1 1 1 1 1 1 1 1 0 0 1 1 1 1 1 1 0 1 0 1 0 1 1 1 1 1 1 1
 1 1 1 1 1 1 0 0 0 1 1 1 1 1 1] - 872141
[0 0 0 0 0 0 0 0 0 1 0 0 0 0 0 0 0 0 0 0 0 0 0 0 0 0 0 0 0 0 1 0 0 0 0 0 0
 0 0 0 0 0 0 0 0 0 0 0 0 0 0 0 0 0 0 0 1 0 0 0 0 0 0 0 0 0 0 0 1 0 1 1 0 1
 0 0 0 0 0 0 0 1 0 0 0 1 1 0 0 0 0 0 1 0 0 0 0 0 0 0 1 0 1 0 1 0 0 1 1 0 0
 1 0 1 0 1 0 0 1 0 0 0 0 1 0 0 0 1 0 0 1 0 0 1 1 1 1 0 0 0 1 1 1 1 1 1 1 1
 1 1 1 0 1 0 1 1 1 0 1 1 0 0 1 0 1 1 0 0 1 0 1 1 1 1 0 0 1 0 1 0 0 1 1 1 1
 1 0 1 1 1 0 0 1 1 0 1 1 1 1 0 1 1 0 1 0 1 1 1 1 0 0 0 0 1 1 1 1 1 1 1 1 0
 0 1 1 1 1 1 0 1 1 1 0 1 0 1 1 1 1 1 0 1 1 1 1 1 1 0 1 1] - 1699172
[1 1 1 1 0 1 1 1 1 1 1 1 1 1 1 1 1 1 1 1 1 1 1 1 1 1 1 1 1 1 1 1 1 1 1 1 1
 1 1 1 1 1 1 0 1 1 1 1 1 1 1 0 1 1 1 1 1 1 1 1 1 1 1 1 1 1 1 1 0 1 1 1 1 1
 1 1 1 1 1 1 1 1 1 0 1 0 1 1 1 0 1 1 1 1 1 1 1 1 1 1 0 1 0 1 1 1 1 0 0 0 1
 1 1 0 1 0 1 1 0 1 1 0 1 1 1 1 0 1 1 0 1 0 0 0 0 0 0 1 1 0 1 1 1 1 1 0 0 1
 0 0 0 0 0 1 1 1 0 0 1 1 0 1 0 1 0 1 0 1 1 1 0 1 0 1 0 0 1 1 1 1 1 1 1 0 1
 1 1 1 0 1 0 0 0 0 0 0 0 0 0 1 0 1 0 1 1 1 0 1 0 0 0 0 0 0 1 1 0 1 0 0 1 0
 0 1 0 0 0 0 0 1 1 1 0 1 0 0 1 0 0 1 0 1 1 0 0 0 0 0 0 0 0 0 1 1 0 0 0 0 1
 0 0 1 0 0 0 1 1 0 0 0 0 0 0 0 0 0 0 0 1 0 0 0 0 0 0 0 1 0 0 0 0 0 0 0 0 0
 0 0 0 0] - 2924316